m 11³so mmo mvnssonvu. 313

Aeneidos ’111, 596 20215 1111, 524 227,15

11, 10 268, 17 1111, 787 213, 22

11, 189 224, 21 11111, 77 104, 27

11, 301 80, 1 11111, 168 238, 7

V, 451 87, 6 11111, 459 182, 5

V, 606 101, 32 11111, 616 170, 24

11, 823 158, 1 11111, 648 99, 13, 132, 20
111,1 276,7 111, 20 94, 30. 99,9
111, 119 181, 12. 186, 31 111, 194 181, 10

VI, 121 181, 11 111, 203 178, 17

111, 179 170, 17 111, 514 217, 18. 2651
111, 187 181, 21 11, 394 72, 12. 268, 20
111, 203 264, 35 Χ, 536 265, 18

111, 304 79, 32. 233, 28 11, 668 304, 21

111, 323 147, 24 111, 7 305, 27

111, 412 216, 21 111, 126 173, 9

111, 514 179, 7 111, 174 205, 14. 248, 30
111, 592 157, 30 111, 383 188, 4

111, 791 212, 5 1111, 161-169 269, 2-6
111, 792 203, 27 1111, 354 220, 7

Vl. 831 262, 27 1111, 584 173, 29

111, 838 72, 12 1111, 770 238, 4

111, 843 132, 8 1111, 883 265, 17
1111, 14 112, 35 Verrius 120, 14111551. Ι, 212, 16)
1111261 31,9 leianus 81,17 (Prisc. 1, 97, 18)
1111, 382 105, 20. 238, 18 Vulcianus de imbecillitate Tuscorum 201,8

my. 20 adnot.

 

