312 11111111 1111110111

Probus 136, 18. 81; 166,16. Bucolico. 11, 3
0111111116, 14. 13, 34. 16, 88. 16, 3. 81, 11, 63
19. 38, 81. 33, 87. 36, 86. 86, 86. 87, 111,1
86..89, 83. 98, 33. 180, 6. 166,11. 174, 111, 86
14. 183, 9. 197. 38. 806, 8. 818. 4. 6; 111,89

889. 13. 8481811119. 843, 85 11111119. 111, 100
1111111146, 18. 860, 8111119861, 111101
81. 864, 6111119. 14111119. 866, 6. 868, 111106
88. 89; 860, 31. 866, 16. 879, 81, 887 1136
6. 889, 6; uide alii, nonnulii, mulii, 1116
plerique 111. 68

1111188

1ωωω1ηηωωω1ω1 Ἠῶ
mfflffimmffiffimmm. ΝΜ
sfflmmzfflmffimwffl Vfflm
111111. 866. 6 Geor9ieon 1, 67
Septuaginta Scriptum Sacrae interpretes 1, 183
&fflQuQmmmn iffi
33; 168. 19167. 1. 889, 16 1, 316
Seruilius 191, 30. 31 adnot. 11,170
Seruius 1118, 81, 176, 37. 179. 6. 1811. 88; 11, 388
111 commento Virgilii 871, 6 11, 520
81111111 111 dialogo 111Ι Postumiana 186, 18 111, 63
smaragdus 185. 38 111818
Solinus 118. 16681111. 1, 870, 171 IV, 494
88818183» 3 Aeneidos 1, [1]
81111111111801, 10 2
symphosius 878. 38

Terentius grammaticus 1. 11. 87, 31. 136.
“ 81. 193, 88. 196, 7. 198. 87

Terentius [1111111933681111. 1. 197. 181;
111, 38 (Prisc. 1,147,31; 18118 (Prisc.
1. 857, 80); 188. 11 (Prisc. 1. 868. 111
188, 13111111. 1. 868, 4); 138, 87. 89
(Pomp. p. 806,8711); 14114 (Pomp.
807, 891ς 173, 16. 81. 861 833. 31. 836.
6. 13; 846, 86

Τ111111111111 186, 81

Tieidns 90. 14 (Prisc. 1, 188, 86)

Valerius 188. 6

Varro 106. 30 (Prisc. 1, 804, 51ς 1811. ii

1111111181, 18 (Prisc, 1. 97. 19)

Vergilius ,11110111111111111111 6310. 71, i.
fflstQnffifflmmmam
25: 136. 8. 13, 13. 85; 137, 87. 140, 7.
14; 160. 3. 841 178. 84. 189, 3. 13;
100. 8. 16. 8ος 191. 5. 13. 18. 85; 138.
18. 15. 19. 89; 193. 8. 13. 16. 80. 88;
194. 1, 6, 11. 14. 88; 195, 8. 81. 88;
196. 3. 81. 84. 89; 197. 3. 8. 10. 17.
85. 31; 198,11. 14. 18. 80. 30; 199. 3.
11 16. 86; 800, 3. 7, 18. 18.. 88· .801.
3. 913 111, 687

Μ3
mu
MN
mi
mv
stum?
mmmm
mm
Mn
mm
mn
mm
86136
MR
mo

immmwmnmww mm ζ

11·1Ξ11“111511111111111117,88.8,8. 17637. 111. 647

wmmwofflum mm.‡
1119ι1111111η11. wa .

874. 8 11’. 88
1111111111 1, 16 836, 33. 837. 84 iv. 130
1, 30 171, 8 11. 693

 

